

set D :=
11
12
13
14
15
16
17
18
19
20
;

set Ty :=
1
2
;

set N :=
0
1
2
3
4
5
6
7
8
9
10
11
12
13
14
15
16
17
18
19
20
21
;

set P :=
1
2
3
4
5
6
7
8
9
10
;

set S :=
1
2
3
4
5
6
7
8
9
10
11
12
13
14
15
16
17
18
19
20
21
22
23
24
25
26
27
28
29
30
31
32
33
34
35
36
37
38
39
40
41
42
43
44
45
46
47
48
49
50
;

set R :=
1
;


param max_ride_time := 15.0;

param r := 10;

param M := 50000;

param HW := 5.0;


param q :=
0    0
1    52.03367917187747
2    99.29995258414712
3    53.321951298154886
4    75.68197141303105
5    58.84318128629761
6    96.87417541206719
7    39.13114895368121
8    46.804643373213786
9    90.22461659480052
10    216.58805328046105
11    -52.03367917187747
12    -99.29995258414712
13    -53.321951298154886
14    -75.68197141303105
15    -58.84318128629761
16    -96.87417541206719
17    -39.13114895368121
18    -46.804643373213786
19    -90.22461659480052
20    -216.58805328046105
21    0
;

param E :=
1    45.3
2    32.34
;

param n :=
1    1
2    2
3    3
4    4
5    5
6    6
7    7
8    8
9    9
10    10
11    11
12    12
13    13
14    14
15    15
16    16
17    17
18    18
19    19
20    20
21    21
22    22
23    23
24    24
25    25
26    26
27    27
28    28
29    29
30    30
31    31
32    32
33    33
34    34
35    35
36    36
37    37
38    38
39    39
40    40
41    41
42    42
43    43
44    44
45    45
46    46
47    47
48    48
49    49
50    50
;

param Q :=
1    43
2    14
;

param s :=
0    0.0
1    2.5875
2    2.3125
3    1.8166666666666667
4    2.3125
5    2.4791666666666665
6    2.3125
7    2.0833333333333335
8    2.3125
9    2.8041666666666667
10    2.3125
11    2.3125
12    2.5875
13    2.3125
14    1.8166666666666667
15    2.3125
16    2.4791666666666665
17    2.3125
18    2.0833333333333335
19    2.3125
20    2.8041666666666667
21    0.0
;

param tt: 0 1 2 3 4 5 6 7 8 9 10 11 12 13 14 15 16 17 18 19 20 21 :=
0    166.666666667 10.833333333333334 0.0 8.983333333333333 0.0 8.733333333333333 0.0 8.2 0.0 8.266666666666667 0.0 0.0 10.833333333333334 0.0 8.983333333333333 0.0 8.733333333333333 0.0 8.2 0.0 8.266666666666667 0.0
1    10.225 166.666666667 10.225 2.8333333333333335 10.225 3.3333333333333335 10.225 4.15 10.225 4.058333333333334 10.225 10.225 0.0 10.225 2.8333333333333335 10.225 3.3333333333333335 10.225 4.15 10.225 4.058333333333334 10.225
2    0.0 10.833333333333334 166.666666667 8.983333333333333 0.0 8.733333333333333 0.0 8.2 0.0 8.266666666666667 0.0 0.0 10.833333333333334 0.0 8.983333333333333 0.0 8.733333333333333 0.0 8.2 0.0 8.266666666666667 0.0
3    10.641666666666667 2.75 10.641666666666667 166.666666667 10.641666666666667 2.9833333333333334 10.641666666666667 3.725 10.641666666666667 3.5833333333333335 10.641666666666667 10.641666666666667 2.75 10.641666666666667 0.0 10.641666666666667 2.9833333333333334 10.641666666666667 3.725 10.641666666666667 3.5833333333333335 10.641666666666667
4    0.0 10.833333333333334 0.0 8.983333333333333 166.666666667 8.733333333333333 0.0 8.2 0.0 8.266666666666667 0.0 0.0 10.833333333333334 0.0 8.983333333333333 0.0 8.733333333333333 0.0 8.2 0.0 8.266666666666667 0.0
5    10.708333333333334 3.45 10.708333333333334 2.716666666666667 10.708333333333334 166.666666667 10.708333333333334 3.0 10.708333333333334 3.2 10.708333333333334 10.708333333333334 3.45 10.708333333333334 2.716666666666667 10.708333333333334 0.0 10.708333333333334 3.0 10.708333333333334 3.2 10.708333333333334
6    0.0 10.833333333333334 0.0 8.983333333333333 0.0 8.733333333333333 166.666666667 8.2 0.0 8.266666666666667 0.0 0.0 10.833333333333334 0.0 8.983333333333333 0.0 8.733333333333333 0.0 8.2 0.0 8.266666666666667 0.0
7    10.216666666666667 3.9 10.216666666666667 3.225 10.216666666666667 3.0166666666666666 10.216666666666667 166.666666667 10.216666666666667 3.191666666666667 10.216666666666667 10.216666666666667 3.9 10.216666666666667 3.225 10.216666666666667 3.0166666666666666 10.216666666666667 0.0 10.216666666666667 3.191666666666667 10.216666666666667
8    0.0 10.833333333333334 0.0 8.983333333333333 0.0 8.733333333333333 0.0 8.2 166.666666667 8.266666666666667 0.0 0.0 10.833333333333334 0.0 8.983333333333333 0.0 8.733333333333333 0.0 8.2 0.0 8.266666666666667 0.0
9    9.1 4.516666666666667 9.1 3.5416666666666665 9.1 3.6333333333333333 9.1 3.783333333333333 9.1 166.666666667 9.1 9.1 4.516666666666667 9.1 3.5416666666666665 9.1 3.6333333333333333 9.1 3.783333333333333 9.1 0.0 9.1
10    0.0 10.833333333333334 0.0 8.983333333333333 0.0 8.733333333333333 0.0 8.2 0.0 8.266666666666667 166.666666667 0.0 10.833333333333334 0.0 8.983333333333333 0.0 8.733333333333333 0.0 8.2 0.0 8.266666666666667 0.0
11    0.0 10.833333333333334 0.0 8.983333333333333 0.0 8.733333333333333 0.0 8.2 0.0 8.266666666666667 0.0 166.666666667 10.833333333333334 0.0 8.983333333333333 0.0 8.733333333333333 0.0 8.2 0.0 8.266666666666667 0.0
12    10.225 0.0 10.225 2.8333333333333335 10.225 3.3333333333333335 10.225 4.15 10.225 4.058333333333334 10.225 10.225 166.666666667 10.225 2.8333333333333335 10.225 3.3333333333333335 10.225 4.15 10.225 4.058333333333334 10.225
13    0.0 10.833333333333334 0.0 8.983333333333333 0.0 8.733333333333333 0.0 8.2 0.0 8.266666666666667 0.0 0.0 10.833333333333334 166.666666667 8.983333333333333 0.0 8.733333333333333 0.0 8.2 0.0 8.266666666666667 0.0
14    10.641666666666667 2.75 10.641666666666667 0.0 10.641666666666667 2.9833333333333334 10.641666666666667 3.725 10.641666666666667 3.5833333333333335 10.641666666666667 10.641666666666667 2.75 10.641666666666667 166.666666667 10.641666666666667 2.9833333333333334 10.641666666666667 3.725 10.641666666666667 3.5833333333333335 10.641666666666667
15    0.0 10.833333333333334 0.0 8.983333333333333 0.0 8.733333333333333 0.0 8.2 0.0 8.266666666666667 0.0 0.0 10.833333333333334 0.0 8.983333333333333 166.666666667 8.733333333333333 0.0 8.2 0.0 8.266666666666667 0.0
16    10.708333333333334 3.45 10.708333333333334 2.716666666666667 10.708333333333334 0.0 10.708333333333334 3.0 10.708333333333334 3.2 10.708333333333334 10.708333333333334 3.45 10.708333333333334 2.716666666666667 10.708333333333334 166.666666667 10.708333333333334 3.0 10.708333333333334 3.2 10.708333333333334
17    0.0 10.833333333333334 0.0 8.983333333333333 0.0 8.733333333333333 0.0 8.2 0.0 8.266666666666667 0.0 0.0 10.833333333333334 0.0 8.983333333333333 0.0 8.733333333333333 166.666666667 8.2 0.0 8.266666666666667 0.0
18    10.216666666666667 3.9 10.216666666666667 3.225 10.216666666666667 3.0166666666666666 10.216666666666667 0.0 10.216666666666667 3.191666666666667 10.216666666666667 10.216666666666667 3.9 10.216666666666667 3.225 10.216666666666667 3.0166666666666666 10.216666666666667 166.666666667 10.216666666666667 3.191666666666667 10.216666666666667
19    0.0 10.833333333333334 0.0 8.983333333333333 0.0 8.733333333333333 0.0 8.2 0.0 8.266666666666667 0.0 0.0 10.833333333333334 0.0 8.983333333333333 0.0 8.733333333333333 0.0 8.2 166.666666667 8.266666666666667 0.0
20    9.1 4.516666666666667 9.1 3.5416666666666665 9.1 3.6333333333333333 9.1 3.783333333333333 9.1 0.0 9.1 9.1 4.516666666666667 9.1 3.5416666666666665 9.1 3.6333333333333333 9.1 3.783333333333333 9.1 166.666666667 9.1
21    0.0 10.833333333333334 0.0 8.983333333333333 0.0 8.733333333333333 0.0 8.2 0.0 8.266666666666667 0.0 0.0 10.833333333333334 0.0 8.983333333333333 0.0 8.733333333333333 0.0 8.2 0.0 8.266666666666667 166.666666667
;
